632.2 1396.0 1030.2 1772.7
237.6 1396.0 635.6 1772.7
-157.5 1396.0 240.4 1772.7
-550.5 1396.0 -152.5 1772.7
-1062.4 1396.0 -664.4 1772.7
-1451.5 1396.0 -1053.6 1772.7
-1846.0 1396.0 -1448.1 1772.7
-2628.6 1396.0 -2230.7 1772.7
-2234.1 1396.0 -1836.2 1772.7
-3415.6 1396.0 -3017.7 1772.7
-3021.2 1396.0 -2623.2 1772.7
-4198.5 1396.0 -3800.6 1772.7
-3804.1 1396.0 -3406.1 1772.7
-4981.6 1396.0 -4583.7 1772.7
-4587.2 1396.0 -4189.2 1772.7
-5772.0 1396.0 -5374.1 1772.7
-5377.5 1396.0 -4979.6 1772.7
-6536.8 1396.0 -6138.9 1772.7
-6142.3 1396.0 -5744.4 1772.7
-1440.9 2380.5 -1064.2 2778.4
-725.4 2380.5 -348.7 2778.4
-725.4 2782.6 -348.7 3180.6
-1440.9 2782.6 -1064.2 3180.6
-725.4 3184.8 -348.7 3582.8
-1440.9 3184.8 -1064.2 3582.8
-725.4 3632.0 -348.7 4030.0
-1440.9 3632.0 -1064.2 4030.0
-3507.4 -180.1 -3109.5 196.6
-3119.3 -180.1 -2721.4 196.6
-2724.8 -180.1 -2326.9 196.6
-2367.4 -180.1 -1969.5 196.6
-1979.3 -180.1 -1581.4 196.6
-1584.8 -180.1 -1186.9 196.6
-1207.6 -180.1 -809.7 196.6
-819.5 -180.1 -421.6 196.6
-425.0 -180.1 -27.1 196.6
-70.9 -180.1 327.0 196.6
317.2 -180.1 715.2 196.6
711.7 -180.1 1109.6 196.6
-4681.6 -180.1 -4283.6 196.6
-4293.4 -180.1 -3895.5 196.6
-3899.0 -180.1 -3501.0 196.6
-5871.2 -180.1 -5473.3 196.6
-5483.1 -180.1 -5085.2 196.6
-5088.7 -180.1 -4690.7 196.6
-7023.2 -180.1 -6625.2 196.6
-6635.0 -180.1 -6237.1 196.6
-6240.6 -180.1 -5842.6 196.6
-8165.1 -180.1 -7767.2 196.6
-7777.0 -180.1 -7379.1 196.6
-7382.5 -180.1 -6984.6 196.6
-9318.7 -180.1 -8920.8 196.6
-8930.6 -180.1 -8532.7 196.6
-8536.1 -180.1 -8138.2 196.6
-10485.8 -180.1 -10087.9 196.6
-10097.7 -180.1 -9699.7 196.6
-9703.2 -180.1 -9305.3 196.6
-11658.5 -180.1 -11260.6 196.6
-11270.4 -180.1 -10872.5 196.6
-10875.9 -180.1 -10478.0 196.6
-12756.2 -180.1 -12358.3 196.6
-12368.1 -180.1 -11970.2 196.6
-11973.6 -180.1 -11575.7 196.6
-13419.3 -180.1 -13046.2 196.6
-13127.2 -180.1 -12729.3 196.6
-15101.5 -180.1 -14703.6 196.6
-16277.6 -180.1 -15879.7 196.6
-15889.5 -180.1 -15491.6 196.6
-15495.0 -180.1 -15097.1 196.6
-17388.5 -180.1 -16990.6 196.6
-17000.4 -180.1 -16602.5 196.6
-16605.9 -180.1 -16208.0 196.6
-6902.7 1396.0 -6504.8 1772.7
-7297.2 1396.0 -6899.2 1772.7
-7693.1 1396.0 -7295.1 1772.7
-8087.5 1396.0 -7689.6 1772.7
-8457.9 1396.0 -8059.9 1772.7
-8852.3 1396.0 -8454.4 1772.7
-9200.3 1396.0 -8802.4 1772.7
-9594.8 1396.0 -9196.8 1772.7
-9990.7 1396.0 -9592.7 1772.7
-10385.1 1396.0 -9987.2 1772.7
-10755.5 1396.0 -10357.6 1772.7
-11149.9 1396.0 -10752.0 1772.7
-11506.4 2029.0 -11108.4 2405.7
-11900.8 2029.0 -11502.9 2405.7
-12296.7 2029.0 -11898.8 2405.7
-12691.2 2029.0 -12293.3 2405.7
-13061.5 2029.0 -12663.6 2405.7
-13456.0 2029.0 -13058.1 2405.7
-13783.7 2029.0 -13385.8 2405.7
-14178.2 2029.0 -13780.2 2405.7
-14574.1 2029.0 -14176.1 2405.7
-14968.5 2029.0 -14570.6 2405.7
-15338.9 2029.0 -14940.9 2405.7
-15733.3 2029.0 -15335.4 2405.7
-16114.1 2029.0 -15716.2 2405.7
-16508.6 2029.0 -16110.7 2405.7
-16904.5 2029.0 -16506.6 2405.7
-17299.0 2029.0 -16901.0 2405.7
-17669.3 2029.0 -17271.4 2405.7
-18063.8 2029.0 -17665.8 2405.7
-18412.2 2029.0 -18014.3 2405.7
-18806.7 2029.0 -18408.7 2405.7
-19202.6 2029.0 -18804.6 2405.7
-19597.0 2029.0 -19199.1 2405.7
-19967.4 2029.0 -19569.4 2405.7
-20361.8 2029.0 -19963.9 2405.7
-1440.9 1752.1 -1064.2 2150.1
-1440.9 2109.4 -1064.2 2507.3
1092.1 -180.1 1490.0 196.6
1462.2 -180.1 1860.2 196.6
1847.8 -180.1 2245.7 196.6
2238.2 -180.1 2636.2 196.6
1005.8 1396.0 1403.8 1772.7
1393.7 1396.0 1791.7 1772.7
724.0 -552.7 1121.9 -175.9
724.0 -902.6 1121.9 -525.9
724.0 -1282.9 1121.9 -906.1
724.0 -1655.6 1121.9 -1278.9
1787.3 1396.0 2185.2 1772.7
521.6 2360.4 570.0 2398.2
190.8 2409.8 257.2 2473.5
529.3 2416.2 571.4 2445.4
-7725.3 1345.3 -7425.5 1553.3
-827.2 1872.2 824.9 2365.5
-407.4 1414.4 1194.0 2186.0
-366.9 2324.1 -259.9 2445.9
-827.2 2501.2 824.9 2994.6
-6476.1 120.2 -6365.5 190.9
214.4 2372.1 252.6 2402.1
-6655.1 117.1 -6616.9 147.1
-1462.7 1989.0 188.9 2484.8
-6992.1 452.1 -6881.5 522.9
-2660.9 -1630.0 -1304.9 1.0
-2880.9 -1360.3 -1524.9 270.7
-4804.2 -1587.9 -3448.2 283.1
-5158.1 -1460.0 -3260.0 -66.4
-1684.7 -374.0 -1358.0 24.9
-5316.4 -1834.6 -3057.7 463.5
-2165.6 -471.5 -1403.3 317.2
-16.7 1671.1 668.9 2324.2
435.3 -334.0 762.0 64.9
-7886.5 -1587.9 -6530.5 283.1
-8398.7 -1834.6 -6140.0 463.5
-2696.6 2167.3 -854.9 3785.9
-2509.3 2167.3 -667.6 3785.9
-5147.4 1042.0 -3305.7 2660.6
-6982.0 709.8 -5150.0 3263.9
-544.3 -1270.8 1297.4 526.9
-4012.9 1444.0 -1002.5 4606.7
-8279.7 -1775.1 -5969.3 409.7
-9158.0 -1554.2 -7415.1 574.3
-250.2 -1513.5 1105.8 117.5
1851.1 -730.5 3207.1 900.5
2418.9 885.3 4465.3 2795.4
278.5 -222.8 515.1 1.5
-301.5 -360.0 -64.9 -101.6
-645.8 -393.9 -409.1 -169.6
-504.7 1702.3 -268.0 1926.6
-1969.9 113.1 -1733.3 337.4
333.7 33.2 371.9 63.2
-2170.6 553.5 -2132.5 583.4
-1036.3 2319.0 -998.1 2330.7
-1902.2 499.8 -1864.0 529.8
-2441.9 545.2 -2403.7 575.1
-2810.2 545.2 -2772.0 575.1
-2374.3 638.7 -2281.9 751.2
-2810.2 797.3 -2772.0 827.2
-2494.4 797.3 -2456.2 827.2
-2374.3 563.9 -2281.9 676.3
-3468.5 563.9 -3376.1 676.3
-2205.3 482.2 -2167.1 512.2
492.9 2450.1 621.1 2632.1
-2487.1 389.5 -2358.9 571.5
535.2 2414.4 932.6 2647.7
-3000.0 269.4 -2602.6 502.8
-2623.0 192.3 -2182.2 493.4
482.2 -105.5 624.9 27.1
-2462.9 -90.1 -2424.7 -60.2
-2430.2 786.4 -2385.2 834.4
-1676.6 807.0 -1629.1 819.3
596.5 969.2 655.8 1558.2
-1926.3 1230.3 -1867.0 1467.0
-4079.5 1230.3 -4020.1 1467.0
2267.3 911.8 2681.8 1558.3
838.7 1570.4 933.5 1678.5
582.6 1327.7 1185.1 1929.3
-1673.8 1578.5 -1579.0 1686.6
-1930.0 1327.7 -1327.4 1929.3
680.8 1399.3 699.6 1504.3
-168.2 28.9 -159.8 117.4
-569.8 125.7 1243.6 1420.5
-2377.6 125.7 -564.2 1420.5
-5979.4 125.7 -4166.1 1420.5
-4163.8 125.7 -2350.4 1420.5
-9534.5 125.7 -7721.1 1420.5
-7718.8 125.7 -5905.5 1420.5
-13149.6 125.7 -11336.2 1420.5
-11334.0 125.7 -9520.6 1420.5
-16775.4 125.7 -14962.0 1420.5
-14959.7 125.7 -13146.4 1420.5
-20359.6 125.7 -18546.3 1420.5
-18544.0 125.7 -16730.6 1420.5
1235.7 125.7 3049.1 1420.5
-1140.6 1716.5 -615.5 2712.4
-1140.6 2679.1 -615.5 3675.0
-1140.6 3399.3 -615.5 4395.2
-1573.3 -1336.9 -840.6 -30.1
-1564.0 -2453.6 -831.2 -1146.9
-1554.3 -3603.6 -821.5 -2296.8
-147.8 1625.9 1665.6 2920.7
-2377.6 4765.7 -564.2 6060.5
798.6 -262.6 936.8 -18.2
800.4 -232.6 934.8 -81.3
765.6 -253.8 965.4 -59.2
785.4 -245.3 948.9 -68.8
811.8 -186.3 853.9 -115.6
952.4 -39.2 994.5 31.5
846.8 -194.3 950.8 -74.8
697.7 -77.4 777.1 24.4
520.0 -72.8 794.3 129.1
514.0 910.6 659.0 1092.2
952.8 -37.2 1097.9 144.4
-596.0 1026.5 -498.5 1087.2
-288.6 1305.4 -204.5 1362.9
-475.6 1235.5 -424.4 1324.2
-224.7 41.1 -173.4 129.9
-146.9 1452.8 -8.9 1631.4
1005.6 -120.5 1143.6 58.1
-358.6 -166.5 -220.7 12.2
-217.5 -96.3 -32.7 2.8
-595.7 481.4 -397.2 577.3
-954.2 558.9 -753.8 646.2
-369.5 451.5 -212.8 573.1
-455.6 400.3 -356.6 492.3
-949.0 1131.8 -850.0 1223.8
-209.1 879.4 -40.3 1052.6
-303.5 -248.2 113.9 -9.7
-8705.0 -1399.6 -6995.0 -40.4
-9145.0 -1749.6 -7435.0 -390.4
-6777.5 -3591.2 -3862.5 -1208.8
-1199.5 -1539.2 899.5 19.2
-7039.6 -5384.8 -1300.4 55.4
-11714.1 -5332.0 -5974.8 108.3
802.4 -1539.2 2901.3 19.2
-13293.3 1613.9 -10326.7 4035.5
-10330.3 1756.1 -8869.7 3133.3
-20108.6 2404.4 -18731.4 3864.9
-7205.3 1685.3 -5414.7 3224.0
-664.3 1634.1 1144.3 3276.8
-9034.3 1663.3 -7225.7 3306.0
167.8 4040.5 1976.4 5683.2
-1635.4 5291.8 173.2 6934.5
-9397.8 5532.9 -2402.2 9087.1
-18402.4 -4803.8 -16197.6 196.0
-13086.4 -3382.4 -9473.6 -1177.6
-5513.1 1713.4 -3706.9 4258.5
530.8 -89.9 677.7 -54.0
344.4 -103.2 398.7 -67.2
26.7 1723.8 81.1 1760.1
65.6 -107.8 129.5 -101.1
156.7 110.3 263.1 301.7
-145.9 -73.1 65.6 107.0
-8810.2 -2693.1 -5229.2 269.5
-5097.8 149.2 -622.7 4599.5
-14882.0 -219.8 -9750.5 4944.1
-8598.0 723.9 -4033.2 5160.9
-9486.6 -4407.6 -4427.1 288.8
-5955.5 -1564.3 -2941.8 1214.7
-19369.3 -1267.9 -13467.7 5657.1
-23393.6 -630.4 -15549.0 6384.0
1363.3 -1485.4 4970.7 1583.0
594.6 -852.9 5153.7 3799.6
1094.5 -219.7 5243.7 3868.9
1712.2 779.4 2550.6 1740.5
1579.4 430.8 2687.2 1453.3
1290.4 430.8 2398.2 1453.3
1290.4 1013.0 2398.2 2035.5
1290.4 68.5 2398.2 1091.0
1608.6 68.5 2716.4 1091.0
-1616.1 1232.2 -632.9 2235.6
474.6 259.5 511.8 296.7
-767.2 357.8 -625.6 407.0
940.6 2248.2 1002.2 2334.4
96.8 1513.5 214.3 1629.5
527.4 1062.4 578.1 1112.4
133.7 1722.5 191.5 1782.1
-2868.3 1626.6 -2810.4 1686.2
288.4 1737.6 344.5 1795.0
-2792.8 1630.4 -2736.7 1687.8
180.9 1721.6 249.2 1758.5
-2727.6 1678.1 -2690.1 1715.1
542.1 1155.8 584.6 1172.7
514.6 1056.5 535.2 1117.0
534.5 1164.5 657.1 1253.1
590.2 1075.9 771.7 1127.9
342.8 1060.5 530.6 1143.3
117.2 1015.7 273.7 1188.2
-268.6 1068.2 -83.3 1135.9
-541.9 1060.7 -354.1 1143.4
-920.8 1068.2 -735.5 1135.9
-1539.3 1060.7 -1351.6 1143.4
-1811.4 1060.7 -1623.7 1143.4
-2190.3 1068.2 -2005.0 1135.9
-1193.7 1034.1 -1010.5 1169.9
-1436.2 424.4 -1248.5 507.1
-1811.4 424.3 -1623.7 507.1
-1193.7 397.8 -1010.5 533.6
-785.8 431.9 -600.5 499.6
-2190.3 431.9 -2005.0 499.6
-541.9 424.4 -354.1 507.1
-169.1 431.9 16.2 499.6
102.3 403.8 288.8 527.7
342.6 410.1 530.9 521.1
590.2 439.6 771.7 491.6
598.0 529.9 764.0 694.0
337.4 1502.6 837.6 2140.6
-20.7 1117.2 256.3 1470.5
-1212.6 971.5 141.5 2504.1
-758.5 1183.7 91.5 1942.9
-983.0 -625.1 -38.9 493.9
106.8 1504.3 471.8 1909.9
-142.0 1564.3 223.0 1969.9
-164.9 1011.9 112.1 1365.2
-336.8 220.0 329.5 886.3
-906.8 936.1 -464.3 1347.6
1695.9 1502.6 2196.1 2140.6
1343.6 656.7 2500.5 1843.4
1401.7 182.3 2414.4 1018.1
1512.3 5.7 2866.6 1191.2
1881.4 -578.7 3235.8 606.8
1512.3 1130.3 2866.6 2407.0
1049.0 174.8 1621.9 855.2
885.7 245.0 1399.9 765.3
1049.0 779.6 1621.9 1460.9
1332.8 937.2 1551.7 1108.2
1047.6 1383.3 1802.1 1972.8
-461.3 1513.5 2597.3 3665.5
-2472.8 1450.2 585.8 3808.4
-2472.8 2756.8 585.8 5185.7
-1514.1 1420.7 -285.3 2411.3
-995.5 1433.6 -596.7 1759.8
-1276.0 1391.0 -677.6 1880.5
-1741.2 -966.8 -755.2 290.7
-2385.7 -1298.8 -99.9 177.6
-2265.3 -484.3 -1039.9 562.0
-4016.8 -904.2 -1426.5 1015.9
-547.5 844.5 -103.3 1260.3
-545.4 921.4 -113.6 1370.0
-572.9 905.7 -388.9 1088.7
843.9 1754.9 946.9 1835.1
618.4 1577.7 721.4 1657.9
709.7 513.8 747.4 540.1
833.6 1181.2 875.1 1210.8
-1077.4 1774.4 -1005.8 1850.8
-1420.4 1686.1 -1048.4 1911.6
-98.7 1718.9 -33.4 1790.7
6.1 1552.1 146.4 1908.7
6.1 1217.7 146.4 1574.2
6.1 552.2 146.4 908.8
6.1 886.7 146.4 1243.2
6.1 -109.3 146.4 247.3
25.6 1231.1 81.8 1583.0
6.1 225.2 146.4 581.8
6.1 -729.6 146.4 -373.1
6.1 -395.2 146.4 -38.6
220.5 458.1 603.3 708.9
981.6 202.6 1360.3 418.7
626.9 1452.8 647.2 1470.0
626.9 1452.8 647.2 1470.0
-339.3 449.1 -166.8 634.5
-259.6 -111.5 -6.1 161.1
-737.8 336.2 -298.8 770.0
-145.5 -129.6 184.5 160.0
48.3 567.2 107.5 1067.7
48.3 71.5 107.5 572.0
46.2 574.1 112.6 1069.8
46.2 78.4 112.6 574.1
46.2 -398.9 112.6 96.8
48.3 -405.8 107.5 94.6
46.2 1040.0 112.6 1535.6
48.3 1033.0 107.5 1533.5
46.2 1516.1 112.6 2011.8
48.3 1509.2 107.5 2009.6
360.1 1176.5 495.1 1293.7
23.3 -53.7 188.5 26.6
157.1 -39.6 186.5 -9.9
438.6 1003.4 501.3 1065.7
329.3 1035.1 391.9 1100.4
-784.1 -254.5 -588.5 157.1
263.1 -248.8 551.6 257.5
-1791.0 1544.8 -1732.1 1746.1
199.5 -45.7 246.7 1.3
-479.5 1153.6 -199.4 1472.0
907.6 1427.2 1187.7 1745.5
-964.5 876.5 -556.7 1286.5
-261.3 1404.7 18.9 1723.0
614.7 -100.8 1030.1 322.0
-353.5 328.2 -73.4 646.6
-1016.5 341.8 -716.5 621.9
-1350.2 316.9 -1070.1 635.3
964.3 1067.8 1123.8 1234.5
910.8 1074.4 989.9 1164.3
270.4 201.1 329.2 259.1
792.6 1103.3 836.8 1147.1
775.0 1114.8 825.0 1155.7
862.3 1377.0 1031.7 1405.4
698.4 1379.7 867.8 1408.0
369.4 1377.0 538.8 1405.4
533.3 1377.0 702.7 1405.4
467.7 1379.7 637.1 1408.0
303.8 1377.0 473.2 1405.4
138.7 1377.0 308.1 1405.4
-25.2 1377.0 144.2 1405.4
72.5 1377.0 241.9 1405.4
-91.4 1377.0 78.0 1405.4
-256.5 1377.0 -87.1 1405.4
-420.4 1377.0 -251.0 1405.4
-320.4 1377.0 -151.0 1405.4
-484.3 1377.0 -314.9 1405.4
-649.4 1377.0 -480.0 1405.4
-813.3 1377.0 -643.9 1405.4
-832.3 1377.0 -662.9 1405.4
-996.2 1377.0 -826.8 1405.4
-1161.3 1377.0 -991.9 1405.4
-1325.2 1377.0 -1155.8 1405.4
-1221.5 1377.0 -1052.1 1405.4
-1385.4 1377.0 -1216.0 1405.4
-1550.5 1377.0 -1381.1 1405.4
-1714.4 1377.0 -1545.0 1405.4
-1615.9 1377.0 -1446.5 1405.4
-1779.9 1377.0 -1610.5 1405.4
-1944.9 1377.0 -1775.5 1405.4
-2108.9 1377.0 -1939.5 1405.4
-2398.5 1377.0 -2229.1 1405.4
-2562.4 1377.0 -2393.1 1405.4
-2727.5 1377.0 -2558.1 1405.4
-2891.5 1377.0 -2722.1 1405.4
-3185.5 1377.0 -3016.2 1405.4
-3349.5 1377.0 -3180.1 1405.4
-3514.6 1377.0 -3345.2 1405.4
-3678.5 1377.0 -3509.1 1405.4
-3968.5 1377.0 -3799.1 1405.4
-4132.4 1377.0 -3963.0 1405.4
-4297.5 1377.0 -4128.1 1405.4
-4461.4 1377.0 -4292.0 1405.4
-4751.5 1377.0 -4582.1 1405.4
-4915.5 1377.0 -4746.1 1405.4
-5080.6 1377.0 -4911.2 1405.4
-5244.5 1377.0 -5075.1 1405.4
-5541.9 1377.0 -5372.5 1405.4
-5705.9 1377.0 -5536.5 1405.4
-5870.9 1377.0 -5701.5 1405.4
-6034.9 1377.0 -5865.5 1405.4
-6306.7 1377.0 -6137.3 1405.4
-6470.7 1377.0 -6301.3 1405.4
-6635.7 1377.0 -6466.3 1405.4
-6799.7 1377.0 -6630.3 1405.4
-3345.0 184.6 -3175.6 212.9
-3180.0 184.6 -3010.6 212.9
-3016.0 184.6 -2846.6 212.9
-2726.4 184.6 -2557.0 212.9
-2562.4 184.6 -2393.1 212.9
-2205.0 184.6 -2035.6 212.9
-2039.9 184.6 -1870.6 212.9
-1876.0 184.6 -1706.6 212.9
-1586.4 184.6 -1417.0 212.9
-1422.4 184.6 -1253.0 212.9
-1045.2 184.6 -875.8 212.9
-880.1 184.6 -710.7 212.9
-716.2 184.6 -546.8 212.9
-426.6 184.6 -257.2 212.9
-262.6 184.6 -93.2 212.9
91.5 184.6 260.9 212.9
256.6 184.6 426.0 212.9
420.5 184.6 589.9 212.9
710.2 184.6 879.6 212.9
874.1 184.6 1043.5 212.9
-4519.2 184.6 -4349.8 212.9
-4354.1 184.6 -4184.7 212.9
-4190.1 184.6 -4020.7 212.9
-3900.5 184.6 -3731.1 212.9
-3736.6 184.6 -3567.2 212.9
-5708.8 184.6 -5539.4 212.9
-5543.8 184.6 -5374.4 212.9
-5379.8 184.6 -5210.4 212.9
-5090.2 184.6 -4920.8 212.9
-4926.3 184.6 -4756.9 212.9
-6860.8 184.6 -6691.4 212.9
-6695.7 184.6 -6526.3 212.9
-6531.7 184.6 -6362.4 212.9
-6242.1 184.6 -6072.7 212.9
-6078.2 184.6 -5908.8 212.9
-8002.7 184.6 -7833.3 212.9
-7837.7 184.6 -7668.3 212.9
-7673.7 184.6 -7504.3 212.9
-7384.1 184.6 -7214.7 212.9
-7220.1 184.6 -7050.7 212.9
-9156.3 184.6 -8986.9 212.9
-8991.2 184.6 -8821.9 212.9
-8827.3 184.6 -8657.9 212.9
-8537.7 184.6 -8368.3 212.9
-8373.7 184.6 -8204.3 212.9
-10323.4 184.6 -10154.0 212.9
-10158.3 184.6 -9988.9 212.9
-9994.4 184.6 -9825.0 212.9
-9704.8 184.6 -9535.4 212.9
-9540.8 184.6 -9371.4 212.9
-11496.1 184.6 -11326.7 212.9
-11331.1 184.6 -11161.7 212.9
-11167.1 184.6 -10997.7 212.9
-10877.5 184.6 -10708.1 212.9
-10713.5 184.6 -10544.2 212.9
-12593.8 184.6 -12424.4 212.9
-12428.7 184.6 -12259.3 212.9
-12264.8 184.6 -12095.4 212.9
-11975.2 184.6 -11805.8 212.9
-11811.2 184.6 -11641.8 212.9
-13510.0 184.6 -13425.3 212.9
-13418.4 184.6 -13249.0 212.9
-13128.8 184.6 -12959.4 212.9
-12964.8 184.6 -12795.5 212.9
-14929.1 184.6 -14759.7 212.9
-14764.0 184.6 -14594.6 212.9
-16115.2 184.6 -15945.8 212.9
-15950.2 184.6 -15780.8 212.9
-15786.2 184.6 -15616.8 212.9
-15496.6 184.6 -15327.2 212.9
-15332.6 184.6 -15163.2 212.9
-17226.1 184.6 -17056.7 212.9
-17061.0 184.6 -16891.6 212.9
-16897.1 184.6 -16727.7 212.9
-16607.5 184.6 -16438.1 212.9
-16443.5 184.6 -16274.1 212.9
-4597.0 1377.0 -4427.6 1405.4
-6912.5 1377.0 -6743.2 1405.4
-6777.0 2012.7 -6607.6 2041.1
-6613.0 2012.7 -6443.6 2041.1
-7067.1 1377.0 -6897.7 1405.4
-7231.0 1377.0 -7061.6 1405.4
-7396.1 1377.0 -7226.7 1405.4
-7560.0 1377.0 -7390.6 1405.4
-7857.4 1377.0 -7688.1 1405.4
-8350.4 1377.0 -8181.0 1405.4
-8622.3 1377.0 -8452.9 1405.4
-9210.2 1377.0 -9040.8 1405.4
-9074.6 1377.0 -8905.2 1405.4
-8910.6 1377.0 -8741.2 1405.4
-9364.7 1377.0 -9195.3 1405.4
-9528.6 1377.0 -9359.2 1405.4
-9693.7 1377.0 -9524.3 1405.4
-9857.7 1377.0 -9688.3 1405.4
-10155.1 1377.0 -9985.7 1405.4
-10648.0 1377.0 -10478.6 1405.4
-10919.9 1377.0 -10750.5 1405.4
-11516.2 2012.7 -11346.8 2041.1
-11380.6 2012.7 -11211.2 2041.1
-11216.7 2012.7 -11047.3 2041.1
-11670.8 2012.7 -11501.4 2041.1
-11834.7 2012.7 -11665.3 2041.1
-11999.8 2012.7 -11830.4 2041.1
-12163.7 2012.7 -11994.3 2041.1
-12461.1 2012.7 -12291.7 2041.1
-12954.1 2012.7 -12784.7 2041.1
-13225.9 2012.7 -13056.5 2041.1
-13793.6 2012.7 -13624.2 2041.1
-13658.0 2012.7 -13488.6 2041.1
-13494.0 2012.7 -13324.6 2041.1
-13948.1 2012.7 -13778.7 2041.1
-14112.0 2012.7 -13942.6 2041.1
-14277.1 2012.7 -14107.7 2041.1
-14441.0 2012.7 -14271.7 2041.1
-14738.5 2012.7 -14569.1 2041.1
-15231.4 2012.7 -15062.0 2041.1
-15503.3 2012.7 -15333.9 2041.1
-16124.0 2012.7 -15954.6 2041.1
-15988.4 2012.7 -15819.0 2041.1
-15824.4 2012.7 -15655.1 2041.1
-16278.5 2012.7 -16109.1 2041.1
-16442.5 2012.7 -16273.1 2041.1
-16607.5 2012.7 -16438.1 2041.1
-16771.5 2012.7 -16602.1 2041.1
-17068.9 2012.7 -16899.5 2041.1
-17561.8 2012.7 -17392.5 2041.1
-17833.7 2012.7 -17664.3 2041.1
-18422.0 2012.7 -18252.7 2041.1
-18286.5 2012.7 -18117.1 2041.1
-18122.5 2012.7 -17953.1 2041.1
-18576.6 2012.7 -18407.2 2041.1
-18740.5 2012.7 -18571.1 2041.1
-18905.6 2012.7 -18736.2 2041.1
-19069.5 2012.7 -18900.1 2041.1
-19366.9 2012.7 -19197.6 2041.1
-19859.9 2012.7 -19690.5 2041.1
-20131.8 2012.7 -19962.4 2041.1
1090.5 184.6 1259.9 212.9
1460.7 184.6 1630.1 212.9
1846.2 184.6 2015.6 212.9
2236.7 184.6 2406.1 212.9
1013.3 1377.0 1182.7 1405.4
1308.7 1377.0 1478.1 1405.4
1157.7 1377.0 1327.1 1405.4
1619.8 1377.0 1789.2 1405.4
1468.9 1377.0 1638.2 1405.4
1935.0 1377.0 2104.4 1405.4
1784.0 1377.0 1953.4 1405.4
973.9 2076.5 990.4 2090.2
891.4 2279.9 907.9 2293.6
-3131.2 708.7 -1951.7 1242.4
882.6 138.1 2039.2 537.5
-5575.5 652.7 -4391.6 1327.3
-1472.8 1170.3 -978.2 1390.6
-4225.1 1170.3 -3730.5 1390.6
-6671.2 1159.5 -6176.7 1379.9
-2367.8 252.1 -1871.4 476.5
-722.1 199.9 -225.7 424.2
-6671.2 264.9 -6176.7 485.2
-7693.3 264.9 -7198.8 485.2
1100.0 1126.6 1596.4 1351.1
-3940.6 217.6 -3339.2 580.1
321.6 1171.6 387.2 1448.7
-738.3 1171.6 -672.8 1448.7
-3205.0 1171.6 -3139.4 1448.7
-2145.0 1171.6 -2079.5 1448.7
-5666.2 1171.6 -5600.6 1448.7
-4606.3 1171.6 -4540.7 1448.7
816.0 1406.2 1008.9 1414.2
615.4 1397.4 808.4 1415.0
418.1 1406.2 611.1 1414.2
213.9 1406.2 406.9 1414.2
-398.2 1406.2 -205.2 1414.2
-605.8 1406.2 -412.8 1414.2
-192.4 1406.2 0.6 1414.2
15.2 1406.2 208.1 1414.2
-1632.4 1406.2 -1439.4 1414.2
-1831.2 1406.2 -1638.3 1414.2
-2030.2 1406.2 -1837.3 1414.2
-2234.4 1406.2 -2041.4 1414.2
-2433.1 1406.2 -2240.2 1414.2
-2640.7 1406.2 -2447.8 1414.2
-2846.5 1406.2 -2653.6 1414.2
-3054.1 1406.2 -2861.1 1414.2
1245.6 1406.2 1438.6 1414.2
1455.5 1406.2 1648.4 1414.2
1664.7 1406.2 1857.7 1414.2
-14700.4 -1343.6 -13405.6 469.8
-15080.9 -560.7 -14704.2 -162.8
-15080.9 -940.7 -14704.2 -542.8
-15080.9 -1330.7 -14704.2 -932.8
-13420.9 -940.7 -13044.2 -542.8
-13420.9 -560.7 -13044.2 -162.8
-13420.9 -1330.7 -13044.2 -932.8
-15080.9 -1940.7 -14704.2 -1542.8
-11544.8 1396.0 -11146.8 1772.7
-13099.9 1396.0 -12702.0 1772.7
-12705.5 1396.0 -12307.6 1772.7
-12335.1 1396.0 -11937.2 1772.7
-11940.7 1396.0 -11542.7 1772.7
-13504.8 1396.0 -13106.8 1772.7
-15059.9 1396.0 -14662.0 1772.7
-14665.5 1396.0 -14267.6 1772.7
-14295.1 1396.0 -13897.2 1772.7
-13900.7 1396.0 -13502.7 1772.7
-11485.6 273.1 -10485.5 1344.4
-5869.5 1230.3 -5810.1 1467.0
-8496.3 1171.6 -8430.7 1448.7
-9556.2 1171.6 -9490.6 1448.7
-7095.0 1171.6 -7029.4 1448.7
-11796.3 1171.6 -11730.7 1448.7
-12856.2 1171.6 -12790.6 1448.7
-10395.0 1171.6 -10329.4 1448.7
-7613.9 -1046.0 -4729.4 1264.5
-9667.2 -985.7 -7248.7 914.4
-9245.7 -576.5 -8510.4 320.9
-6856.3 1853.2 -6818.1 1883.2
-6738.6 1853.2 -6646.2 1883.2
-7069.5 1230.3 -7010.1 1467.0
-8969.5 1300.3 -8910.1 1537.0
-11199.5 1300.3 -11140.1 1537.0
-13789.5 1300.3 -13730.1 1537.0
-14512.8 -1232.6 -14487.1 -1207.4
-15109.0 -1256.5 -15073.8 -1202.8
39163.6 -43048.0 40390.1 -42359.1
36259.7 -38471.9 37429.6 -37687.7
32412.6 -42140.3 33659.1 -40550.3
34492.3 -41903.3 35738.8 -40312.6
37765.1 -40044.6 39011.6 -38454.7
32028.6 -45301.3 34042.5 -43383.8
35062.9 -36939.9 35437.3 -36400.0
35942.5 -44999.2 36566.7 -44332.4
35402.1 -43073.8 36026.3 -42407.0
37084.8 -44415.5 37708.9 -43748.7
34022.3 -44304.7 34646.4 -43637.9
34739.7 -40041.6 35363.8 -39374.8
38724.7 -39934.5 39348.8 -39267.7
37611.3 -42108.9 38235.5 -41442.0
39697.1 -43948.8 40321.2 -43282.0
38742.1 -45906.8 39612.5 -45020.1
40807.8 -44573.5 41431.9 -43906.7
38398.2 -43582.4 38662.3 -43287.6
36356.6 -43421.9 36762.0 -42992.7
37008.4 -40202.8 37407.1 -39758.4
